Number of solutions found: 1

--- Solution 1 ---
X_0 = 0 0 0 0 0 0 0 0 0 0 0 0 0 0 0 0 0 0 0 0 0 0 0 0 0 0 0 0 0 0 0 1
X_1 = 0 0 0 0 0 0 0 8 0 0 0 0 0 0 0 0 0 0 0 0 0 0 0 0 0 0 0 0 0 0 0 1
X_2 = 0 0 0 0 0 0 0 8 0 4 0 0 0 0 0 0 0 2 0 0 0 0 0 0 0 0 0 0 0 0 0 1
X_3 = 0 8 0 0 0 0 0 0 0 4 1 0 1 0 0 0 0 0 8 0 8 0 0 2 0 0 4 0 4 0 0 1
X_4 = 0 0 1 0 0 4 1 C 0 0 9 2 0 4 8 2 8 0 8 1 4 2 4 1 4 0 4 0 2 9 0 1
X_5 = 1 3 9 8 C 7 5 6 0 1 C D A 9 A 3 0 0 4 C 4 7 5 B 2 7 3 5 1 D 0 5
X_6 = B 8 B 3 9 6 E 2 E B 9 F 8 9 D 4 D F 0 9 6 7 7 1 6 A 2 E 1 A A 8
X_7 = 2 E 5 E 8 1 9 9 6 E E D 5 B F D 0 D C 8 2 A 4 1 6 9 3 D D 9 8 A
X_8 = C D 0 F B 5 2 2 4 F 2 2 C 1 B 9 D E E 4 0 7 E C C 3 E 8 2 B E D
